131.1918168479691
132.0841147540001
131.20089214638782
130.5366630387682
130.3757820940001
131.323901809321
131.87232506600003
134.75123131600003
134.44244567343011
133.66887495321646
134.29566479703317
133.3818465500001
132.46949303500003
134.51068403514
135.44850792859802
136.03648237466177
136.80305057242595
137.35897927200006
137.73405317561355
139.8711837100601
140.61821821479873
140.96398522393883
141.68098803716816
142.0703231130001
141.67359459700003
141.04184004
140.85946699300007
140.8794051440001
153.98560631600003
139.78662138347
139.14828535200002
137.80557335762433
136.9257918630001
135.99373957002513
135.71479658389512
134.39709923714008
133.44914676331246
145.82496178500003
131.32789147200003
139.67403812086252
138.71569868424683
140.26676679874868
137.62449913992327
136.4431758974497
139.87480106032058
139.12177208941034
136.2112003927839
