29.44334544500009
32.731634833000044
32.980522542911146
32.94357262895047
32.56844238700006
32.090832220930224
31.367661851000037
33.530322987932436
33.99787344020706
32.88930898600006
32.704291083000044
34.299637966119235
33.76601797100005
35.05062571880188
34.190939349000075
34.69591868679794
35.3303502472661
36.06343211490014
36.273315945274646
36.73065237081022
37.72260732696657
38.871529445827264
40.211318467773026
38.753784695207514
37.77020132113404
36.79222484050399
35.73244456606386
34.89998186000008
24.212103583000044
35.1174736233987
34.59458877000009
34.578784710000036
33.68625974339244
33.43333567900004
34.274302707903644
34.42397695500006
34.07135651200008
41.40110911700003
24.256984768000052
35.969536037757905
35.18816254306688
36.20089142479941
35.13881154971324
34.77369171829815
35.751564846140695
35.15697581628086
33.83814158796389
