129.4282332690001
130.82625776608302
130.0362749280867
129.75820926324684
128.60043889300005
129.9580184250001
130.70011559495867
133.6478943220652
133.55836022200003
132.01053892000004
132.539886915
131.66713667201975
130.86158287900003
133.1279260596399
134.25679772423553
134.86324991265326
135.4393095242151
136.22671926270883
136.75757531085185
137.61456389484684
139.5487179318506
139.69773066900007
139.856781446
140.65811242135112
140.26955732580984
139.15556847610424
139.65372928327974
139.75243898200006
138.9228178241832
138.90033857626418
137.46326867091238
136.6734460797727
135.84651981004117
135.05736156500006
135.0852713042014
133.26430016482072
132.04127404156372
139.3364363940001
122.93816165500004
138.3768046413211
137.32322553862764
139.30594689343434
136.25729577018365
135.74285688683585
138.69952396086205
138.16854861892352
135.5430241233646
