32.16346344698047
33.68301015800006
33.96605493200008
33.55250171100005
34.70100212400007
33.1811532661103
32.82303559032022
34.25084548800004
34.554388739000046
34.29531484600005
33.8556598984855
36.34247467700004
34.67214318510115
35.59996541631113
35.67220309900006
35.772320652000076
36.285602746069856
37.53149016500004
36.97510817432804
38.54500311313505
39.115106310108104
40.49951793110762
41.54685719300005
40.45100587482125
38.9901526964897
37.96424632400863
36.92673859281177
36.08002025033426
35.87886973724858
35.65399974189455
35.627851466871675
35.38414541318025
35.23190664297715
34.37175242823196
34.99745067051202
35.32727549936476
35.080546372816855
45.520412502000056
28.509833075000074
37.03923818609337
37.01538951351523
37.14357290286716
36.45224559196049
35.67500621236678
36.27086131409834
35.95780548783296
34.75953237651794
